image_width: 1280
image_height: 1024
camera_name: rgb_A00364916300104A
camera_matrix:
  rows: 3
  cols: 3
  data: [1057.42184691142, 0, 663.019063319869, 0, 1061.86310225021, 513.966999882795, 0, 0, 1]
distortion_model: plumb_bob
distortion_coefficients:
  rows: 1
  cols: 5
  data: [0.181355601843524, -0.304222196695263, 0.00180853527308163, -0.00212449674131695, 0]
rectification_matrix:
  rows: 3
  cols: 3
  data: [1, 0, 0, 0, 1, 0, 0, 0, 1]
projection_matrix:
  rows: 3
  cols: 4
  data: [1084.45961553895, 0, 660.629851829001, 0, 0, 1090.73357226009, 514.940704239101, 0, 0, 0, 1, 0]